0.2146169631759552
0.199071128272958
0.19110653870190264
0.1944832018577396
0.19913444331842634
0.2077869096296739
0.19604528882495342
0.20132142674117964
0.19756867266103037
0.20072765364967582
0.20639925608979875
0.21033707400404725
0.21619039736323586
0.22510154876340818
0.2220021050103111
0.22794077003932958
0.23248575741464605
0.23192973062298725
0.23267515710931916
0.2496729932816698
0.2503592101628107
0.17285857188165527
0.1437566587141959
0.14276091594424856
0.144733387405514
0.15131985275368334
0.14899475885414426
0.15496068568419868
0.15865552661167387
0.16226541959127164
0.16541298270374852
0.1646395438285273
0.173678792938173
0.16844621186687955
0.18716325411990578
0.19227334070421678
0.18414470467836414
0.19319472180475705
0.207698636491011
0.196128689027592
0.20549591577315005
0.21144743813784944
0.16279393947172588
0.14707350784544593
0.15316954170105332
0.13345399384270507
0.12860315172253206
0.13015923502810736
0.17435558192368156
0.14864889191790664
0.16399610582529103
0.1542640278661964
0.14421872837069985
0.14463542571312488
0.16023964500090632
0.18743191569047998
0.16729627509782616
0.1707529169323299
0.1930874431633622
0.19299565307900524
0.18986821881816168
0.1806800318821006
0.190948498013601
0.1412629307882618
0.10327994515117313
0.10410790340486488
0.10708019820632517
0.11779394529144203
0.11507273629986568
0.12520036435755674
0.1276139095124442
0.1340155510736871
0.13144835884140116
0.13458742874784327
0.14447546895999114
0.14861815228203068
0.15090888628486124
0.15415256797532617
0.1583573943150948
0.16404769311214432
0.16861182416074177
0.17349778843462094
0.17986541158373656
0.1825230877700852
0.1335620506640603
0.09460893930440403
0.10061665131028803
0.10520641637825183
0.10831566755328066
0.11257032746863081
0.11527639409682172
0.11931339710929344
0.13022242691840347
0.12865696629833204
0.13210965408769787
0.13634665975542287
0.14114678508245082
0.14354354797124402
0.1430920774718536
0.1489831807251862
0.15439638125135813
0.16059866117133195
0.16499974265043338
0.16472701786441013
0.16651011881211117
0.12073052198613159
0.07752091938481984
0.07786035216630631
0.08396244207349873
0.08702661820671975
0.09604815603924807
0.09848921852283891
0.10399789128236185
0.10688121375087596
0.11227770128398341
0.11989723435012752
0.12092252816588413
0.127389790150102
0.13224973649808736
0.13866537784097718
0.14487103503694884
0.14917732181747018
0.15436315967714356
0.15784354597671416
0.1620316427854775
0.16313455471304653
0.13159773826790847
0.09371132497143765
0.0976457794967179
0.10689457934929947
0.10661050904708289
0.1114520690677071
0.11404438933779378
0.11936101779485568
0.13181517156757008
0.12315941219135877
0.12805721532495834
0.13639705350908468
0.1348504495725416
0.1363590051395117
0.1411915659556697
0.14569283323434373
0.15200817950760317
0.1620741108946083
0.15952760219045295
0.16201791610134603
0.1690845811042258
0.1138925800775394
0.06824587122900713
0.06916525279777273
0.07518780951081917
0.08009125087684753
0.08504294198691566
0.09196480661014175
0.09636715777582809
0.10077344644073778
0.10893087795394969
0.11336613784996374
0.11503342650890822
0.11916444658859045
0.12620019474936742
0.13137690173147745
0.1395662254434028
0.1430791443564406
0.1480071976664904
0.15215486904152922
0.15599818923266354
0.1581354531999342
0.12736445835932034
0.08048721914117427
0.08674717849923319
0.0922497527462596
0.09351854791868038
0.10245487691132688
0.10760852172297862
0.10946344090739692
0.11260713495200217
0.1201769113948328
0.121977162006003
0.12748064137958404
0.13280848896607336
0.13846333459276539
0.14609381425147108
0.15157905525399967
0.15675108531571813
0.16056701954261549
0.1659965826460867
0.1677413153343171
0.1725170837038877
0.14048132731670596
0.1171572414841482
0.12031578270782421
0.12337731361940169
0.1186299940543927
0.12398001608679178
0.13021988661203007
0.12751143298290182
0.13149071430980544
0.13595314405105868
0.13835774352404168
0.13920969274196127
0.14348051057634112
0.14476624885312955
0.1481602056847992
0.15435129289776564
0.15557769341790728
0.16003182595252544
0.1626379771487408
0.16717940475699603
0.1672384248715562
0.12107706168479308
0.07949357604387697
0.08404071760414057
0.0837548861823084
0.08664013573518947
0.09168323376515582
0.09566409997487911
0.10473517271013556
0.1088621842517337
0.11393681579259018
0.11891080720929254
0.12526214855862974
0.12707348485080253
0.13279549561777867
0.13957453889593285
0.1438181595787188
0.14893772766796484
0.1527371126207979
0.15837370284508595
0.16152693582300698
0.1637202979678413
0.11630960592132575
0.0727113954768693
0.0734929127065191
0.07775356412094202
0.0820389399000546
0.08471083771193172
0.08976031760704756
0.09731055065590882
0.10306924702686163
0.10987463110103161
0.11459770404223991
0.11891602881451667
0.12375064012607019
0.1300719516981337
0.13752915320549042
0.141631198926365
0.14649865647453117
0.15085019981907666
0.15311397054309253
0.1584918324781216
0.16001838599171087
0.11383280266194004
0.07440637922649028
0.07551301236238624
0.07984878387861553
0.08263550177052797
0.08820054690878748
0.0924930580215042
0.09678757033505554
0.10231017389098467
0.10749683146435009
0.11177367205350973
0.11406244122029421
0.1185767533548615
0.1247977805555275
0.1300054325791121
0.13593642932646463
0.14065619969302082
0.14540712620668536
0.1486466167832948
0.15222772702775406
0.15487401657957447
0.13048103069621364
0.09108098442749835
0.09509654263782401
0.09771182512801954
0.10194076878177186
0.10648809825961282
0.11114584495047042
0.11691697440096432
0.12225705982029544
0.12459841048452455
0.12930832064008022
0.13339182308218062
0.1354813437106492
0.14061679984090164
0.14570941986851668
0.15007862433683897
0.15531339464383506
0.15846046245141487
0.1614473111447932
0.1650798521932867
0.16749675312079404
0.22669428482539358
0.19214773807348498
0.19638145233559723
0.20217414227124386
0.20539447818594395
0.20930951212530596
0.21247332990572643
0.21577004267830663
0.21823609294464966
0.22081498359821683
0.22440422841999966
0.226634553134296
0.2297169915426471
0.23222551335482758
0.237472931372038
0.24225524221218003
0.24572171615511457
0.2498351642865299
0.2538652890527992
0.25861623682739043
0.2604360580315734
0.15201487620965742
0.12066966990841012
0.12306781605171216
0.123349531643788
0.12592172591782785
0.13122552186877354
0.13390063576482872
0.13750142013571817
0.14205778879801112
0.14546459896521644
0.14763006426791053
0.15175499375579915
0.15589396603064892
0.16040248107781738
0.16513472024773262
0.17006125944262135
0.17474238947104473
0.17861410801669417
0.18181847758015923
0.18408232114412365
0.1870040341043099
0.12039597855854804
0.07376083924873035
0.07869925725079542
0.08240537082478472
0.08681779422785846
0.09281985332114014
0.09804689669541636
0.10422843838246233
0.10857677976786125
0.11338534227785417
0.118888675489359
0.12361012754583671
0.12888968058188136
0.1335954859547775
0.13926675477249395
0.14420690245981282
0.14860631580833833
0.1531061661967715
0.15701992784125754
0.15969412151011145
0.1622948410134175
0.10510963777459019
0.05203020128631436
0.05604430220424527
0.061084148611643435
0.06666939805258373
0.07363854003463023
0.07973040018322242
0.0862446413180572
0.09301058608037438
0.09931724973068683
0.10426650718626673
0.10911682996745334
0.11379138103441006
0.11996329574927249
0.12659141516754963
0.13229774431793623
0.13795223603438878
0.14242156724021823
0.14615980267903175
0.1495669163951971
0.15229559221832156
0.12825968482282477
0.08250059850941475
0.08597366056302341
0.09136373128023864
0.09619425447196346
0.10124728038322182
0.10580164842679639
0.11241806448135067
0.11789110393070287
0.12205519463720357
0.12658364425682486
0.1299962028145852
0.1343065283980419
0.14001881455714824
0.14635567070059188
0.15106798064733387
0.15672895422049435
0.1617955067806574
0.16479610299464142
0.16812515663428704
0.16997359776797347
0.12114976386064424
0.08491127130718003
0.08687017038691833
0.08884418637837312
0.09231379738492411
0.09600714404432754
0.09968633140778504
0.1041814055906518
0.10889167644601899
0.11339802551823791
0.11796884524921097
0.12204834057650646
0.12574857162701228
0.1310431193910274
0.1369292539337935
0.14147670191227787
0.14656150731164866
0.15093789367924762
0.15463389897363874
0.15865746472877654
0.16188567136532753
0.1659638717515028
0.14036506479193
0.14104653639084547
0.1421380853066874
0.14554898676297598
0.1490097930959074
0.1511920068611992
0.15379871375446225
0.156940649215662
0.16003758973225163
0.16320647032401905
0.16593034352906472
0.1696727236558351
0.17380806802216595
0.17831651658984743
0.18122966147392888
0.1842312477823185
0.18663891858287202
0.18943347987065998
0.19187705786636766
0.1948555214210563
0.12395822482461923
0.08038674973403188
0.0852275086160406
0.09004977997158622
0.09449247133776328
0.09965832349374919
0.10394258557172413
0.10822475700160074
0.11344913108463692
0.11851447538384229
0.12236711435913288
0.1263031345318694
0.1299631245067383
0.13446443761354676
0.1405769711506568
0.14524079658847894
0.1498281676967402
0.1541177964276605
0.1573162783756041
0.16132094373265346
0.1637199493143278
0.12217908860980471
0.08536059213703386
0.08727091325768427
0.09043545941415372
0.0940326446684799
0.09797526777972529
0.1017313249363635
0.10649196135733073
0.11110090075748903
0.11579306225700114
0.11971054180712751
0.12341418142231747
0.1269160704888665
0.1317826153069091
0.13730110314580896
0.1422026531324511
0.14722311466808943
0.1510853075414983
0.15444396969930488
0.15841601850087927
0.16089406991758012
0.11550866342547536
0.0698029364733451
0.07340213805511996
0.07758206650176784
0.08212698647514417
0.08756603703644864
0.09300706859063769
0.09840261047402106
0.10483656764724607
0.11012996179603247
0.11419555798048481
0.11801319167938412
0.12267866486698384
0.1283857650881966
0.13435808809282576
0.13898742324454577
0.14411412112611965
0.14822428866929588
0.15166395385640524
0.15510655895533365
0.15758928190016866
0.11509622667689623
0.07497845544947083
0.07667524973489183
0.07935382820221604
0.08308004541470598
0.08745650575787099
0.0924387890140726
0.09752300382828909
0.10307692136821806
0.10838000453534172
0.11295286903496005
0.11705442660260597
0.12132737780714199
0.12667087049242745
0.13303877265024033
0.13815449963467924
0.1433862939712451
0.1470529077648483
0.15047237147174242
0.15325967502065502
0.15559166578230155
0.35049936023563133
0.3536488294055201
0.3433345267388179
0.3466717354002505
0.351084924938986
0.3436566870673538
0.3468526190112902
0.3475125775888274
0.34626823172020027
0.35663305488927877
0.34748109016312534
0.339658897922338
0.35359063634144106
0.3470984125396794
0.3511863344607844
0.35167629087408137
0.3485938698069333
0.36109130660371636
0.35193573077637724
0.3676828701417449
0.3543285783218804
0.36682905100775265
0.3627678375030013
0.36646618781686957
0.365613545194356
0.3488154655877887
0.33900729698246257
0.3831751110034629
0.3728223677571398
0.32982171185342213
0.3721711556555395
0.39080847684296155
0.3660454504544376
0.36526229409662236
0.38015709045981205
0.3470927359575675
0.33329137479987503
0.4334284646318541
0.357354999359173
0.4010637512645007
0.3538218191868138
0.36759388374739227
0.33571442093658116
0.3365274100384485
0.3379410978124944
0.3315074256297674
0.33678960350986414
0.3278794122130244
0.33215825470805255
0.3304191594137852
0.32960630376561795
0.32698774729100677
0.32808326293843276
0.3312378506681048
0.33238507704694825
0.33100925532380837
0.331467503776639
0.3350995905411637
0.3404791724179906
0.3431402815669446
0.34643553214306255
0.35062721424287757
0.35450726368358926
