3.569090082737899
3.020998842820392
3.2662429085143008
3.171205151209432
3.130544344260516
3.21566381079717
3.482073266889789
3.378017255287264
3.43302959170815
3.5100894444818995
3.4641133128978123
3.5333064280957016
3.6264637664683326
3.648216265012113
3.783127504678301
3.841902040232157
3.863703929049748
3.903954149385108
3.967905388752669
4.0537108933892405
4.087533360827894
2.836917866284725
2.0002711699155946
2.1185070177363694
2.531893434839096
2.4423434398434916
2.941318349339162
2.5070763104199383
2.850374234498433
2.6287079094005312
2.6086086484423014
2.832883282531612
3.0492923884805943
2.927591945514253
2.838029702831997
3.016895023409871
3.0920429614794793
3.0790920987712305
3.2078580372815075
3.349972936824611
3.3512605159078186
3.364337918226609
2.475217973068757
1.8632819478780505
1.8064926197366005
1.7944268294765007
1.8950784671173448
2.026473217835188
2.131032948669672
2.1591093027847594
2.385006714981415
2.3482039121987626
2.376139158894774
2.4848897193985104
2.61158251430391
2.752281056879554
2.774730627553841
2.8468352984792182
2.925241692895638
3.002945194688733
3.0780825699461367
3.101353466733267
3.1411722009232648
2.467701534291821
1.8964343131578134
1.986180941950552
1.9778146944387245
1.9266922230487942
2.021392134895272
2.2123943500947196
2.343242695945964
2.2991665967350285
2.439799461548268
2.409940654653327
2.440756409171952
2.471620705698116
2.660511875991257
2.6945541243351814
2.727714890515062
2.8028659775351388
2.8978949403782175
2.9697307162730824
3.0648859237143613
3.1104370557555865
2.405822591030063
1.8276583868886744
1.9022143770904605
1.8671164802518474
1.8745683579626262
1.901968218975476
2.0329792895297
2.16203350104625
2.3063071857493513
2.4135411070759405
2.3542602167841427
2.3578332961603667
2.3859187040338674
2.5162059405664383
2.5875046511285436
2.745367927414351
2.8019537506069083
2.8820954673163484
3.0030704839763174
3.0851762298186176
3.108678248225032
2.5497349692646543
1.864659020698355
1.8957241821033712
2.0332982517459035
1.9880936553410844
2.11566106220804
2.1710289073783016
2.270338386749252
2.30167219305119
2.499964382647039
2.5997834846078103
2.5564735393530973
2.6406849952526668
2.7437907360145797
2.8141043271597477
2.955792660429678
3.0097297592723398
3.1200760857603465
3.056951668664288
3.118205374593728
3.238666712262269
2.0404561230411984
1.2178755958387186
1.2251385752104906
1.4061787743669805
1.4993656409645413
1.5415280099770676
1.6250382735046114
1.7748582486410738
1.8212547319444943
1.945678384315723
1.9607176053930393
2.1007710818779355
2.1247555055638254
2.241225057680409
2.354924552067347
2.4427228447447615
2.540976161209298
2.6258341993524525
2.705432508031854
2.796241502012021
2.858605208127324
