3.5767675072798157
3.0422665615421876
3.298585622590623
3.161237055415247
3.1448772462811965
3.2229549016817702
3.505773022963204
3.3964898179505414
3.445224872248152
3.507890761627831
3.482165621535114
3.537767775431851
3.6229904861229287
3.648937732973078
3.7885852699533458
3.845948711715481
3.857754729396854
3.9005538574363077
3.975772312010688
4.0538585587826645
4.095715227937229
2.8517858613560434
2.0320465434031183
2.1852828601693095
2.5800005472798926
2.492204702484031
2.9229616422372686
2.5068604466568623
2.865323215845522
2.6326908034415495
2.6648515408313496
2.825377937545123
3.033487217235286
2.9344591477234103
2.8582325533342083
3.029300641747346
3.118792136507884
3.095666170559684
3.193602370540025
3.3507707270644906
3.373911733743429
3.3398942887710765
2.4892052818115165
1.8716979192598961
1.8068231416033746
1.8250761210275426
1.9225530358306884
2.090452580376407
2.15960239101644
2.1924770009452628
2.3478082809643572
2.3707058189655354
2.40631752529368
2.4886285704658544
2.5854604469304405
2.771796555077696
2.7455530775599235
2.864083404164123
2.92437073313299
3.0406815513554357
3.109853110703273
3.119370432345574
3.1407939392118362
2.4891031861555915
1.8658111214809832
1.883255645988831
1.9546716524658705
1.9622876510576732
2.058095558273345
2.209686542460933
2.364536476459952
2.3397726280763904
2.4009856023582494
2.4543214277076757
2.4980489511437676
2.524725744912914
2.677382590916076
2.7378165860286257
2.7515027569608184
2.835720614052894
2.9713685985067957
3.0034521314292704
3.1106145793884536
3.1780068634423038
2.3072752488285
1.6403272691091442
1.725758276134643
1.6607898921794997
1.6748422817178354
1.738804399879033
1.873765771993789
2.0425497043753533
2.1544073375380672
2.2815442936644192
2.3446779139943787
2.2646646933259036
2.349304101871583
2.4719873261329344
2.5482894969311274
2.709811062790753
2.7700819965342194
2.817206948256939
2.9663256314166064
3.039561702119007
3.070804876604759
2.3937086952254725
1.7046539305418005
1.967934955378262
1.8758728408157959
1.835975264670179
1.9086896987650253
1.9760485930433067
2.159499562203735
2.0994562725741437
2.3034317162916453
2.444721759677278
2.35660691437235
2.429981139407261
2.658438060043229
2.719094571968492
2.758764293119181
2.825388515374251
2.9397201834219677
2.880771371072472
2.9408199466718496
3.0883043150972154
2.067847282931414
1.2531493110228662
1.3515217901894783
1.4665918095424901
1.5290417195401789
1.5784532578425146
1.6994727314795584
1.8085952146392872
1.8907499278718145
1.9776752406755165
2.0015554624918055
2.1021558246386296
2.1685249571314533
2.2377220935639572
2.3604353793043833
2.448514169326538
2.5322462258063854
2.6118559961230416
2.705717262542135
2.7728870995075257
2.860080185388712
1.9265822118004974
1.041268566896862
1.1177932396461479
1.1817130908472984
1.2983764586946296
1.3976313789327444
1.5125317988473106
1.6045380356707106
1.7183825306775429
1.81415763339061
1.9009900498415138
1.9849694085974376
2.0649203018677684
2.1664057954748728
2.2666177467208377
2.3703522159943966
2.487127204838885
2.5559272620588818
2.622586547129756
2.684696351511883
2.740658618369856
2.2568303690312286
1.570259063314916
1.6287991389875973
1.674182646035873
1.745857752047941
1.8310793120482294
1.9173432691197188
1.9858247542228145
2.0795240043990244
2.107447273856584
2.2001022284497025
2.228737099614634
2.3358825835130173
2.4538034257296317
2.5159467097449992
2.6049587482880585
2.7027561971613645
2.7583792136635914
2.876714007391273
2.940320957425229
2.9786889956103764
2.1931272771632493
1.4925142070294184
1.5441723740699869
1.594114761725407
1.6645348831823021
1.7720182098891486
1.8138502226648123
1.8930979040060372
1.987610851102758
2.053114197066004
2.1318787612413383
2.1991726263451676
2.29616318858476
2.36957066385127
2.490382911869539
2.5640879160767427
2.6550174656250536
2.7363422646403937
2.8208644626113633
2.8625614271046844
2.9214762445788045
2.220873577399289
1.5416663030827382
1.6161895090304685
1.6214279294704248
1.725514351658919
1.7458303940156672
1.860394928158271
1.957939767956613
2.0273331094933345
2.0505332113354164
2.196134110628787
2.2343885664755065
2.33823595141048
2.3874277762149325
2.5262474162889794
2.5816155102190605
2.642097384680885
2.749617685760356
2.818337032387918
2.8875822793146586
2.9089583304023607
1.8334163749031624
0.9119536302453801
0.9414122331736152
1.0267940509800106
1.1626050959464533
1.2803530124397842
1.385106623706574
1.5010615743538984
1.6342597491766189
1.7432750751328259
1.8213508525006612
1.898632102729176
1.98114143264429
2.09365245999115
2.2054645906183903
2.2987294899464317
2.403295548307736
2.4873545688199594
2.5665850928487965
2.638881253848446
2.686419060653054
2.3799011891304014
1.7809268217032135
1.7966180374049825
1.8174819374919267
1.9287989132166758
1.9754208186675248
2.0464757329729046
2.102250091075171
2.172553116237653
2.247713866335372
2.3241726210084286
2.3860788552394663
2.4708618672969913
2.5434234907144146
2.6501641848068664
2.731563083153632
2.822308066524769
2.8744818472294096
2.9312242524835113
2.986664328865916
3.008841850179201
1.9434218195172348
1.17141776932788
1.2349189814579213
1.2517518891436092
1.3585152474853983
1.4254366668452014
1.5268286143256875
1.6229987916599855
1.738754812730981
1.8026228412681915
1.9014780413125443
1.9679035170843076
2.0617793264514748
2.15692451669864
2.2442921336849264
2.360484161017201
2.4624732164506944
2.54261746246724
2.6141050949598066
2.6801235722155865
2.743009733757425
2.3727526496279996
1.8174564603218737
1.8293836208047831
1.8955117688400474
1.9446730292200964
2.0070558297020846
2.027825720400394
2.1053446194807854
2.1714704491370322
2.247646611695562
2.2868535381793644
2.3402927257184216
2.439079520397322
2.5222359058207866
2.6199732902359174
2.706174942421069
2.764207301591986
2.8466982663295664
2.893691438416185
2.973329450490712
3.0161485033559976
2.0328120807837164
1.2581296486875473
1.3053185183170184
1.3672350436965017
1.4450025531625064
1.5289898032352898
1.618672423108108
1.7210223159528353
1.8150355218899938
1.901581846058945
1.9835676190856846
2.0638434213276953
2.1275078479858607
2.221318610815398
2.3211808292848306
2.4328783584942304
2.5416588733036085
2.6405165207942285
2.70066741461941
2.7912169679317205
2.870897477922924
2.855285442920472
2.4289320578694933
2.4627881190554253
2.49861584335273
2.5304577643180037
2.6101256646887734
2.627396413303575
2.697087186255722
2.722928337851918
2.781180231932421
2.8152184364850443
2.839699922570895
2.890220399807117
2.9413140222742564
2.992327887913647
3.052525546568045
3.111937463125223
3.177743915770334
3.243618532017396
3.317970957661616
3.36362015558781
2.986714398891693
2.6735986933226354
2.691436108238438
2.722106394208169
2.740972835959041
2.794287509949123
2.8182537785784527
2.8606112560197636
2.9114407674267566
2.941032993364813
2.9763188250987427
2.9986982314211352
3.0080882546055565
3.023013217696239
3.0719000994475967
3.1315138860256924
3.1837207760259685
3.224795814008428
3.2612560706455733
3.3289211139210355
3.3723213518707023
1.772246507552964
0.7324159284867329
0.8422200897890711
0.9687777540298079
1.0849100304987849
1.205561880224207
1.3231031087876073
1.445867165386462
1.5693784129974653
1.6785816338372863
1.7687741401122594
1.851575308315956
1.9388686954635983
2.044478343608652
2.158671205229306
2.258160819869514
2.3614439930611186
2.4488539242141085
2.5207172939157676
2.5902503903427934
2.6523200328887846
4.456536755799268
4.275433623995262
4.307666247205269
4.30144532506728
4.315367001740886
4.311372607979209
4.33738998536646
4.3523343402127335
4.378693675245388
4.360398996186918
4.378943359411231
4.395596906599653
4.422527811072249
4.43215459305633
4.467946592257729
4.535882711504993
4.603559129752441
4.652181078126531
4.709650342387721
4.758699724949272
4.833491063867808
1.9098203786872783
1.0509187747785513
1.1078829723248078
1.1888271146622804
1.2794993980259568
1.3747379189876139
1.483495373284975
1.6013586782481453
1.7107401939903015
1.812886901174702
1.9002690461229612
1.975528074416602
2.050574884102711
2.146710446419842
2.257203128214186
2.3568490625974605
2.448999591960832
2.516847869746086
2.5851089841990165
2.648538512937139
2.699430647551394
1.8239937781695712
0.8349954687767304
0.9344187387714602
1.040316855619245
1.1495842540347085
1.261007049589666
1.3654097842580815
1.4810951810421953
1.5995686242397538
1.7081836283794116
1.802234626833193
1.884517541469592
1.9723859223827456
2.085579619258664
2.202061762608683
2.3074023448245318
2.4085877499321966
2.498345525245952
2.5756017774414888
2.6538590787564047
2.714720029926719
2.031875402825469
1.3595822158017437
1.3808955778458682
1.4222587950014225
1.4776772378435108
1.5576715703126223
1.6225811713458171
1.6885501251186184
1.7711363840816103
1.8632971408042467
1.951183610006189
2.029115986808754
2.1020970347455106
2.2180040013206366
2.334977169583116
2.433050703072463
2.544430816386999
2.617085525483316
2.6925557532692608
2.7616172562038077
2.809739981473859
1.922581517652367
1.1480430593968596
1.1915104859586307
1.2555457635075393
1.333570638250252
1.4118874277082947
1.4989983758946601
1.5925304910784455
1.6924664813970032
1.791386944616467
1.8803358959756382
1.958273801739786
2.033369446085861
2.1348569703380207
2.2406654861476274
2.3373662882068436
2.4380683231824776
2.518730498704077
2.594858890981917
2.6702421748620884
2.7289229090148535
1.8175935565126786
0.8623585130531253
0.9478919032972408
1.0440994868888132
1.1537326569080377
1.2667885597226471
1.3723186095475564
1.4874199915099757
1.6099530208912771
1.716366239066069
1.8031901601554179
1.8830371672088455
1.9664531475301394
2.0632908666458376
2.1786256142223044
2.2787112623915777
2.3810486630904713
2.4685283579163766
2.549377951264389
2.628596511019378
2.690082447924082
1.9363821267276928
1.1479126201539622
1.1940756777762889
1.261296839043588
1.3332363903723536
1.418109171277318
1.5079618378512838
1.6023291476791555
1.7118211963763217
1.805801526938306
1.8876098147612042
1.961730908281525
2.0437919419286326
2.1438898255459926
2.26391802934082
2.3718426993439
2.4721580502161493
2.5572968420632316
2.6223113598209142
2.682778413245974
2.7377702425369397
1.9799445065822234
1.162038743970189
1.2084776661666072
1.2784939347142026
1.3719254846323923
1.470907693816441
1.5458101082916906
1.6571682664424054
1.7766153632987565
1.8752981539099296
1.9695651379060224
2.0452239846828837
2.1274009195263495
2.226916721143281
2.314984418451175
2.4055353436019504
2.490059495302454
2.565453340525342
2.634606840077754
2.7065924958958316
2.765816019288812
1.8702026044890168
1.0707514395691737
1.1250422386448844
1.203726128135851
1.2737757807397276
1.3515962130924835
1.4378776218165943
1.5287281064206397
1.634549682808294
1.73555593420009
1.8224983957640646
1.8975199851818898
1.975235432409324
2.072138163002685
2.193183069834176
2.2950967418002994
2.397929248545909
2.4835644467776814
2.563856372028708
2.6404492615393194
2.7009778274685403
1.9216893561107053
0.976098120665707
1.0452267262337054
1.140005170300628
1.240031978813598
1.346492512845006
1.4515164671494523
1.5693807372173088
1.6957745757983866
1.817565693278123
1.911828933397446
1.986508704687222
2.0671652484584007
2.1798951950761927
2.3055981835764405
2.412194167373622
2.5102385064412767
2.5888930855909384
2.6636917902970376
2.732935610985776
2.7927457140278347
1.7857753075943124
0.7993302187732761
0.8690033002228593
0.9666681392638984
1.0778204869813364
1.1979437049086883
1.3179144891996226
1.4439616111209967
1.5665558968411384
1.6811009909019825
1.7778773206673244
1.866648598007536
1.9545319149542546
2.0589815531544056
2.1788431446685896
2.284765892904865
2.386036532473721
2.4684617618711906
2.540747304462448
2.6102485825215695
2.6680647079865447
1.8583445896538227
0.9395900327376541
1.0206507658190964
1.1072366253285493
1.2056242845837895
1.3177477224760341
1.4348506442956166
1.5507514514660992
1.6670991031057192
1.7706298134243956
1.8555148781357649
1.9263932457968014
2.0022783948391982
2.099938245964379
2.207122119785407
2.307664769490634
2.4068440768875137
2.4852778450364257
2.5573791113889057
2.6282470101065374
2.6760516524079363
2.0121022515437414
1.149240999937925
1.2138777809155163
1.2886656270452002
1.3795274393685073
1.479950094114193
1.5895727963530977
1.7010761375528565
1.8057022658277044
1.9051032702539024
2.000618265923249
2.070144245873778
2.1486541285331073
2.25039285704777
2.364116850653247
2.4707406502285183
2.5590051836404006
2.629078274246474
2.6894408320090584
2.74952040690991
2.797616924440412
2.1869578292079086
1.504266607087989
1.5578813564538183
1.6337725129209724
1.7137126944804089
1.8045461102833507
1.8805528095577764
1.9668334087362216
2.041266365718524
2.115222262030295
2.1649419845929154
2.207125565503852
2.253307382011952
2.322743510792825
2.4180712638025246
2.503028584314518
2.5940357760368107
2.6643266140760704
2.7349978793362633
2.8023033396226684
2.8562205567984194
2.2419491095151964
1.662395904804621
1.6732765393697735
1.7072177519221057
1.7562791978906833
1.814264531882584
1.8724283856163075
1.9483512504107643
2.03695847803038
2.109657231909054
2.1764605631909784
2.2435170135533835
2.3081635961288693
2.388831209405758
2.4868976674446377
2.57649161121376
2.667298328574723
2.7460694612743124
2.8202488321062207
2.893173580261051
2.9510010553139674
1.808926932074677
0.8938404785366577
0.9635613169822917
1.051732038654684
1.1489188683387834
1.2630264050008224
1.3735636852094342
1.4896211541718187
1.6022279041928842
1.7053897153359843
1.7921067628817176
1.8699775847795037
1.9434171098430495
2.0408097628969877
2.160198523541952
2.2649751763888673
2.3675437305257963
2.453062141477711
2.527572794937575
2.604241181227777
2.6627523065692387
1.9530495938306973
1.2107611430362315
1.2599332968716057
1.3348535777058463
1.4145808368275758
1.4857955140215275
1.5645641155262144
1.6503554505038194
1.7410624888951667
1.8270296735075346
1.9047891640672268
1.9764362721648971
2.047616703917762
2.128883220633433
2.237935066261501
2.3357023060114352
2.434349991147039
2.5212242670030145
2.594419146701124
2.665953001494873
2.7247466403161247
1.9102317111347156
1.1085882095495863
1.157313889428889
1.258276483325483
1.3506440671925304
1.4253946760633236
1.509837344215535
1.606748389875119
1.7046966128074568
1.7934239467389683
1.87980246484338
1.9463462647538607
2.022709351466787
2.1169503222758155
2.2214089906536114
2.3096010316095703
2.4037845840593945
2.487225642236251
2.562285795087667
2.6398280812536297
2.6997680752574538
1.9298962940648063
1.1483561312285109
1.1849489104240878
1.2619269720274275
1.3399653129660976
1.4246141522191158
1.5060199447483238
1.5957611802828378
1.7020748343001844
1.7965172446050826
1.8763824229180859
1.953362511370554
2.0405811135169976
2.1457578359753207
2.2620081899576534
2.355811340628769
2.453879081504768
2.5349575063794516
2.604981926388185
2.6727460756924377
2.7372731941622335
2.0021309235264058
1.2926816662488283
1.3282195676179638
1.3921369992773474
1.4918783543124774
1.585469514243584
1.6423690644276678
1.6960842089886665
1.7881504419865806
1.8964425704783692
1.97922833513845
2.041902792330658
2.0843866316197284
2.1685355051629873
2.2710766453359454
2.364123713002517
2.4570151451207165
2.536179243871485
2.6161502547740496
2.6773822955563293
2.7332055210337574
2.566004928108227
1.8935279667102851
1.9425673521051945
2.0218559748360003
2.0898776056716497
2.199755082125474
2.2679494519802414
2.322452132989967
2.4028332837274653
2.4676804306518685
2.524684935027342
2.57756766671491
2.6380173470898822
2.715077337116684
2.8085606131022063
2.892258392849385
2.9737998305897984
3.0511008450514248
3.120553379534054
3.1793121807277784
3.2306667535629345
1.786924664150714
0.8192277220763683
0.8906818791868374
0.9899771357925137
1.1052273656680862
1.2208795776691916
1.338557858441858
1.4535541333895199
1.5747695844311203
1.6838425606915894
1.770590691343711
1.8549734754661307
1.9452297909030023
2.048533558424612
2.165910309588952
2.2679430922797343
2.371482296652144
2.456811005625584
2.5283848276516743
2.5970522810754524
2.654864136656203
1.9552642900517494
1.2668788929855963
1.300267714653897
1.3487260661491176
1.41079366015895
1.4870411789924192
1.5686319000820874
1.655113202264549
1.7456924981827933
1.8345110029020029
1.9085911694609088
1.9706903837122356
2.038689527752363
2.1266129435627468
2.234483170208029
2.332036074653275
2.426778355213974
2.5078647498347095
2.5798622470003933
2.6525657138379843
2.7094553494269547
1.918289882983548
1.1263089746226569
1.1785360654729566
1.252880850728854
1.3310121695831796
1.4260230168120456
1.5274282333025437
1.6255561134655683
1.723876761397975
1.815476966033212
1.8957470165077444
1.952571539491876
2.0266420358577424
2.120001255663765
2.23009549135743
2.3241892305311365
2.4181750865947174
2.4962786315681016
2.5670130029420317
2.636574254467175
2.691410963270244
1.9959881556096106
1.2004004711782095
1.2367154962445797
1.3163566984817785
1.399149431070214
1.4820343909329363
1.5772717969178707
1.6781140179733516
1.7866949525762754
1.8872182281820937
1.9790430332487317
2.0477861579453807
2.1211360397103283
2.210689680491434
2.320571781830237
2.409628889740607
2.5133750355770053
2.587181058318457
2.657932713131155
2.725189335100571
2.783273903541
1.8128180011730237
0.9861521463508592
1.0263363616528283
1.0876738125935321
1.1668239159202154
1.2557178497579125
1.3543460027902303
1.4620444389043703
1.574539751285283
1.6788427038943516
1.7675871560882193
1.8454384943521722
1.9347640859748998
2.044801050510691
2.1661161898498604
2.270340760546696
2.3710818209329028
2.4561312130052864
2.5320120407367113
2.6071113196823044
2.668498908631148
1.7446953354689707
0.6973066160718421
0.799986772506275
0.9157503675999046
1.0389242728011447
1.1598464047634183
1.2796991017677528
1.4038530060942414
1.5306289728705873
1.6437291881597007
1.7377480272157777
1.821532875927471
1.9095426652294833
2.0201016853595175
2.1388405210775168
2.24269822859881
2.348095122577137
2.4370531373819793
2.5157690746989037
2.594215846689794
2.658584821988155
2.0090288983127307
1.2402348429877215
1.3002970850939737
1.3698061370314298
1.4472449655459783
1.5275283340124348
1.6147610866495061
1.7052360587588387
1.8071679866895998
1.8959954264215397
1.970621233614396
2.0402941323963635
2.119086430382968
2.208675626873454
2.316374876007611
2.4071369420051756
2.499013704689471
2.577210792887341
2.646251513876366
2.7151409964253004
2.77249979390514
2.0163881259073717
1.1756409402914803
1.2426507537865783
1.323146606013603
1.400457474784804
1.4908614250665277
1.5837698942154834
1.688795336661482
1.7958383609911928
1.898539931931109
1.9835810408658947
2.065199361628089
2.150989956413866
2.2449428328033183
2.3557105138828343
2.452004013523164
2.54780494687952
2.6268656600589018
2.700271194245403
2.7709461897645147
2.82974608433966
1.9160509079965151
1.0366263566504303
1.0970966797869184
1.194777239516638
1.2903669013919625
1.3975123236934814
1.5078188244999957
1.6244767486453315
1.6974109822215635
1.8053493502195828
1.8868273603420425
1.9605014597348995
2.0445953658625813
2.143735526843775
2.2570926137136014
2.3575604011169022
2.4560668028327033
2.5350995507845755
2.6062547370582494
2.681795254583821
2.7400536804312554
1.8591358467892367
0.9232475201535181
0.9699384482160677
1.074560706743669
1.172782164233607
1.2895993136925288
1.4005048053540265
1.5277383811469383
1.647221940672582
1.7542877078969719
1.8506924268983496
1.9496933614896346
2.042602603619706
2.146055074285753
2.251567105219512
2.3347912547033247
2.423948681222256
2.497725089220798
2.5672921323586815
2.6484566722339147
2.710011546422893
1.7755011376727776
0.8176635534539646
0.9036641410875568
1.0050818357166242
1.1136752324669852
1.2279669125826678
1.3404547759379548
1.4601250461157245
1.5825566185805955
1.682886746835204
1.7633303128958464
1.835291362399699
1.915222350189692
2.0161291971883
2.134488151431373
2.2358897193075182
2.339209501267329
2.423426287421408
2.5002532360246885
2.5763495127068885
2.6363582598455286
1.903859131525887
1.0682940743443448
1.1104850902350776
1.1756024971412005
1.2702683063908722
1.3739297757566327
1.4763516161912007
1.5751479457566413
1.6935015098771762
1.7907805219745325
1.869702847018885
1.949538720822305
2.0358760817421224
2.1434246135500965
2.2560300583836876
2.3497193464078423
2.4429831862993985
2.5328818123340655
2.592968227785396
2.6595747131918546
2.71012168531441
1.733144958814058
0.6916817768316937
0.7864284989545967
0.9008550137813023
1.0123933167468167
1.1336218511193978
1.2615313171307636
1.3853135539781518
1.5109941317582174
1.6280704361154006
1.7295785403947155
1.8170650338760375
1.9061932233396621
2.0146478100181664
2.139201762344938
2.244324947577418
2.3478128958236097
2.4331365453788503
2.5063586293651507
2.5774965101825416
2.636193381563723
1.7762624844974237
0.8373083266158277
0.8977555917186779
0.9731930376660022
1.0642453478395872
1.1954853212623262
1.3043125293118643
1.4241341487555501
1.547166396323935
1.663047641017089
1.7620516479239374
1.8473542481875247
1.9343757326432764
2.04267819595596
2.161227063255425
2.2630340131340967
2.3650270140519023
2.450843615758105
2.52728516487403
2.6027159253998526
2.662008728253507
1.751667054665233
0.7201706040684472
0.8023455687381877
0.9117482313869574
1.0292445632394835
1.1542140867725585
1.27628241638574
1.4048534580229624
1.5330015965012314
1.6509822873772926
1.748756533929582
1.8329260230275604
1.9212531211457564
2.0297895496713756
2.1536451934610508
2.2600782932962526
2.3642129089122643
2.449852165862914
2.5264544847943187
2.6020607376501093
2.6614692690606176
2.0540763370643322
1.4418696171643224
1.462954572473539
1.5034973884871783
1.5554709989161575
1.6149588721525077
1.6737108149292843
1.742173585539448
1.8244136782706395
1.9063341836502539
1.975156829936522
2.039601766455578
2.1089196395846264
2.1994962918322276
2.308411755146725
2.408634542601228
2.5089399835140846
2.5946921444951005
2.668589787823956
2.7406766089617176
2.803023679351547
2.0499804485356385
1.220586842956795
1.2791625493987855
1.3440222281631768
1.416970583845005
1.533201954795656
1.643844559690774
1.7442924059302205
1.8435622122969728
1.9583503502234507
2.0302195859341357
2.092315555796551
2.1591880773671495
2.2704969276856932
2.3819135157762537
2.482499346889506
2.57840874371329
2.6599099973981724
2.7306722438778634
2.7924734468349803
2.837517842138337
1.937589274198681
1.2571125918948993
1.300175162678567
1.3502009916431417
1.3973158640782788
1.459732621004706
1.5367695683293998
1.6192699875944292
1.7074488591075476
1.7986769154212876
1.8772689772400108
1.9447705934161985
2.018288467213612
2.121431176810265
2.230089315074045
2.3241333666464516
2.4210937712941636
2.4956382104172836
2.5659640855335293
2.635344297570371
2.6910606610054386
1.956663822951573
1.1464665918798436
1.1812149774110963
1.2484185879809313
1.3330185505193706
1.4163172708462093
1.514952370602682
1.6268815398916017
1.7445848404830704
1.8513244783976914
1.935062170862991
2.0052713377473337
2.0857044087856083
2.1860914176679027
2.302647868561275
2.3998055439365498
2.4947291652320778
2.571656493461731
2.637766795931259
2.6994112204385794
2.751950828393661
1.8258361624431276
0.844975281853058
0.9210213448148866
1.0249673793910583
1.140584270624611
1.2619380347166107
1.3753711669654782
1.4989931439376947
1.6217047942326137
1.7312417864204717
1.821731621760839
1.901309942878293
1.9843363062159611
2.0896173323473106
2.211157695919847
2.310532494250992
2.4077148025189317
2.4885696372636583
2.562271767700017
2.6311168656265993
2.687567579423619
2.039640440000789
1.3155942128790115
1.3465337321582196
1.3998978712827654
1.4696920362996282
1.5389311134669168
1.6246472735909658
1.7203656411452863
1.8226863822871355
1.9179850583638292
1.9963462611967424
2.062468588978686
2.1355732671849013
2.230239656051365
2.3379588554942314
2.435444243930867
2.532301993938064
2.6175072490988436
2.6942880976512886
2.7681248824508145
2.826222382566218
1.8104773892566641
0.8777445767319569
0.9474306811724278
1.0405758419617146
1.1545910237155088
1.2767067706793669
1.3972519946209385
1.5154133560580103
1.6179011176465163
1.7156346697112648
1.7986696117799104
1.8746794324093412
1.9467943886963135
2.0449333308698194
2.1560910063116827
2.2627633519044674
2.365536105727445
2.44967302694505
2.5234751271254336
2.5942205033783354
2.649461867687779
1.9728620309980065
1.2535527335327605
1.2978031524676519
1.34138868092995
1.3997058177159825
1.4703100620097198
1.5407658907057877
1.6395204052133385
1.7391052728268714
1.8552878865703373
1.9372464046796696
2.004443601595253
2.0720074963487707
2.1638789817831086
2.274553559862979
2.3775903044389057
2.473376592970427
2.552058231763508
2.621701591549055
2.694330943215708
2.748613009780346
1.849697136689374
0.9505489177455826
1.0039367423015568
1.0817571050360089
1.1776778261406045
1.2814613223682898
1.3910895968066088
1.5039430905641784
1.6189385923395958
1.7304277546218192
1.8274180510447748
1.9112616444521624
1.9970554255700916
2.102848114375142
2.217901167199126
2.3186507943788954
2.418537110369462
2.50235909073921
2.581170547696966
2.658828937905502
2.7181309021318985
1.8261549880776209
0.9167795915738737
0.9710696275780687
1.0442744770642163
1.1419227905395595
1.24894699082372
1.3634009235349875
1.4874457567962247
1.609389733699471
1.7263461751109974
1.8224981785161427
1.9055693393900495
1.9883507880580904
2.0868513092369274
2.202431400245159
2.3005529932801583
2.39117854765354
2.472377217206324
2.547857357787233
2.6186802446201796
2.6771763188374957
1.7375594600094204
0.6913668434818805
0.7876191377802813
0.9016075035067386
1.0275718907832059
1.1592408654085473
1.2754816021131055
1.3961823758763932
1.5200238644848598
1.6335129441868665
1.7293180197167966
1.8155400364092973
1.904342761100029
2.014785075278294
2.1359843728764307
2.2390905792907994
2.3442702128898945
2.432140733217223
2.5099684776990263
2.586163815811496
2.646978088277239
1.904087085056221
1.0498601167924704
1.0982001829296788
1.1741512189843812
1.258338020860238
1.352919511626634
1.4533716030635297
1.5606203075167642
1.6730861827271901
1.7791259303608111
1.8720179244786763
1.9548886545024953
2.04383119709071
2.144799575566927
2.2629993676155267
2.3623660022904436
2.462298498775503
2.5436383856835385
2.614265977120654
2.683906783425048
2.7370562597131936
1.825463944250749
0.9293386093166413
0.9950884985117661
1.0925303139498432
1.1778495778000015
1.2600458176687646
1.3707950693394448
1.4810437188548005
1.6029003221691316
1.7141079459596171
1.809842624409603
1.8898236854771504
1.9678436681072196
2.0744450683475133
2.185809906518761
2.2891075673062464
2.3874821693283623
2.4687115275267515
2.537928503043744
2.6097224530179024
2.664861838361713
1.8914567362673016
0.9868512018558184
1.062503367972227
1.1568540849262656
1.2509768836178303
1.3555249293130263
1.4567457365547696
1.5618971117791558
1.6722511483294977
1.7761155659703078
1.8652118225245178
1.9456705395449372
2.0296244807836876
2.1304975869678384
2.244815081075865
2.3447759472571197
2.441826042080374
2.5268985727237654
2.6025612324617873
2.6780971497400468
2.7394362398671888
1.7694603185355262
0.7202522486391516
0.8102957191880663
0.9281233143310956
1.0471773038522831
1.1723418497153175
1.296054688199501
1.421190690437698
1.5496526000711288
1.669291561150208
1.7708313841484051
1.8584603389698455
1.949902409649942
2.060311078652511
2.1815234833167896
2.2837041031215484
2.389411771705769
2.4691587698053823
2.539458428708152
2.6078525579794474
2.6642120690682822
1.830051626402724
0.9621729122963816
1.025431241591748
1.1082251782753156
1.2098675496795224
1.3036793563065172
1.4002624893489455
1.5109869008091643
1.6072109013783265
1.7118070834816241
1.7958055771268624
1.8793684987842696
1.9666084914949191
2.071113937092081
2.1846529604665235
2.2807580507674587
2.3793999063150992
2.4509947729270922
2.518449981568683
2.5896965029355075
2.6445402354084373
1.8933509114401978
1.0541789788231615
1.1294759050740824
1.2188101517040437
1.2887178812672746
1.372780462985912
1.4610241045285666
1.5556776548972655
1.6621600945697523
1.7637194385047306
1.8548862284280885
1.9345117176949584
2.0202806688380437
2.1217775414394326
2.237329845557226
2.332435179404381
2.427685853483222
2.50692451593281
2.5787194315994415
2.6464335176847245
2.6994890563868394
2.2771828041523756
1.7720852880373532
1.7753626447421238
1.795650821043273
1.8334963004537659
1.8818584536730871
1.9465405007633463
2.016848435762918
2.0888443771032175
2.1597820562227703
2.221453221576786
2.269441185871407
2.3311589119822886
2.413410762573368
2.5091873977551913
2.588890421477004
2.669584328030095
2.732485615504445
2.791051622644399
2.849755327150619
2.896768410680063
1.950794686153122
1.1253362058392298
1.1844833527627898
1.2546073986320962
1.3333192180317122
1.4299801426098577
1.5320136688356591
1.6375567074987891
1.7467853293084727
1.8461563654737236
1.9285977191226245
2.002543387831135
2.082962055948924
2.178162208604437
2.2901201648501797
2.387662366362009
2.4835432561505315
2.5565566165203144
2.61632595090829
2.6753541639327665
2.723827443838903
1.7588452348327839
0.8144008572709548
0.8895966617894686
0.9803843093676042
1.0789852905576072
1.1813623530731427
1.2925554568452355
1.4052177700197788
1.5293223110954572
1.6468820796163455
1.740813331328597
1.822482611920264
1.9072880119684366
2.014815080288738
2.1353713941578456
2.2375432529616064
2.3420226764899468
2.4291110125684274
2.504897844372132
2.5808988160975006
2.6429535748665884
1.77198724427452
0.8368591367283849
0.8835886879042456
0.9640186278770626
1.068480012767375
1.188265201249179
1.3073724244460716
1.4280597328651432
1.5503754846314863
1.6663716541155515
1.7630968490233787
1.8483434189780965
1.9335231900824095
2.0397340478324018
2.1586675127443615
2.2619218360210707
2.362441388363131
2.4443895082265352
2.51420053734821
2.5819430178413443
2.6380926164449576
1.7720757701761154
0.7721137625030914
0.8527621102869782
0.9522002253925678
1.0603036771800198
1.1766735430139514
1.2875622950017243
1.4091194047996354
1.535851753076901
1.656384732684485
1.75731784872735
1.8449292818733831
1.9369771342906301
2.0508691628896556
2.172898457311619
2.277659771130997
2.383581573093913
2.470273254169783
2.5461190708760864
2.6196442527501858
2.6782740924693518
2.0039276734383096
1.2735784466930136
1.3212338719083143
1.391814216298122
1.4669817615894336
1.540522899065809
1.618895315039157
1.704613353017619
1.8012723930896566
1.8897176683732575
1.9660586542719232
2.035503302858904
2.1076977739098743
2.197091993639484
2.3012107763820087
2.38978505156158
2.4780891357324974
2.553885098688468
2.6199576618537774
2.683144700430925
2.737499394362382
1.7987976273228
1.0081758353120116
1.0403250486249551
1.0894706846153601
1.1664868291030233
1.253316874271701
1.3373980548499476
1.4441178336711502
1.556925567545818
1.6656925469229342
1.754123638936611
1.8287023856619833
1.9158917751841384
2.0229670179288872
2.1395300496479512
2.2440364701955935
2.3484921489878046
2.4322924028856483
2.5046583606711854
2.5792373691730943
2.6441116522661936
1.8223565809225915
0.8858800637270849
0.9660108808709837
1.0578929929937257
1.1650551326304064
1.2734773065123506
1.3733344703945372
1.4860273108770448
1.5928937029121293
1.7060167880756805
1.8028510719222843
1.8872125945945926
1.9739330420887555
2.0796223396108937
2.195719759012001
2.2952721243518495
2.3963711727398724
2.4774966264723104
2.5476062785546545
2.614300068721886
2.6701578913887842
1.8234168448596797
0.9076253278350772
0.9868008028166213
1.0853252710666594
1.1814689011329047
1.2914684563405696
1.3928964633025231
1.4946148592826645
1.6102081688071295
1.719818234611383
1.8086918799520395
1.886695586642008
1.9653566922210572
2.0632525537805417
2.1770742568935573
2.2755359239495365
2.373916312688216
2.4567894668324097
2.529968944319367
2.6015951040176315
2.659233690701697
1.7828192147357036
0.8851251421970624
0.944436572919163
1.0339541951200977
1.1317836964077261
1.2235988888844422
1.3161884107290076
1.4206683505066235
1.5400463100712116
1.6542944751925435
1.753191247123806
1.839364138015089
1.9246639717318768
2.0325576159666228
2.1501014184912575
2.252892434371857
2.355185835078191
2.441526149219512
2.515864985528287
2.590939187719585
2.6500012694401076
1.8384393981984881
0.940853985432914
0.9908959002397301
1.0803147487843807
1.186118147044596
1.296548714348634
1.409134045500528
1.5258316263930314
1.630240439586835
1.7345861564859852
1.8231571072899928
1.899368704757529
1.979284592130635
2.079976580870766
2.196081665546477
2.2972882553024414
2.3981538406229435
2.4815684033076173
2.5473979703075136
2.609009441061376
2.6629776389558395
1.7612133584965044
0.7167166672713251
0.8051545864332631
0.9173107343690637
1.039532221036424
1.172190620934933
1.2946355079306362
1.4214396292204126
1.5475758270626776
1.6651885064841183
1.764369638998159
1.8503575957517298
1.9372266219429453
2.042506018730873
2.1633370720708127
2.2683349403553343
2.3704047285260406
2.454598838025004
2.529040407819409
2.6029500507520567
2.661396956214876
1.7609795745126877
0.6883946556081643
0.7778625331375522
0.8979827198872787
1.0278742828511693
1.16723576186586
1.2967049863661348
1.4298607774278351
1.5584531402959088
1.678524535206759
1.7788505185305574
1.8628361242913283
1.9422070010664734
2.0441672958625503
2.1634387437545186
2.2675322796522828
2.369043392454795
2.4531794531339854
2.532569858376852
2.610456561262264
2.672416869221488
1.8254336379303873
0.982173293176789
1.0154265802062497
1.080127250815242
1.1915194256437927
1.282550684350357
1.3748630485822697
1.467162343187021
1.5767734622938363
1.6909606570975577
1.7866147357797701
1.873192262706095
1.960963629791962
2.0650709048695717
2.182504165657401
2.283726129711353
2.391969079080228
2.4807805976007153
2.540380185410125
2.6118055237498212
2.670108798897586
1.8576400551480923
0.9776537218833443
1.0358173788895038
1.1273807193509409
1.2311562172439332
1.3275662039501988
1.421184307706361
1.5216746257915335
1.6283662956699356
1.7323878692814834
1.828144745176175
1.9159453575338243
2.002246350991891
2.0996509371618606
2.216803539990767
2.3150156555668433
2.416845589167124
2.4932697907667567
2.557988692624033
2.623511988510983
2.680191115704356
1.6996176437174206
0.6226396913613204
0.7159252580979447
0.8411950424126985
0.9693952531550899
1.1007636773791478
1.2272759449159931
1.3543828054799618
1.4834629502406125
1.6026099673309295
1.7016171306210157
1.7888089294625218
1.876604041284283
1.9844103424481645
2.1066259523413837
2.213172009783488
2.3195941169734065
2.408294146151921
2.486589581095108
2.5637933694327777
2.625192664380643
1.9123030114329207
1.14107352943813
1.1712857636297223
1.2491610034868674
1.3179584917616582
1.4014693882655174
1.4977946232861419
1.5899098234949773
1.6974813281929042
1.7922510766408362
1.874216965297085
1.946118312521518
2.0193800198263476
2.116739148151807
2.2311475990752028
2.3293393361156873
2.4255536556810227
2.50572992048619
2.5779375056743423
2.65227011030541
2.7092426273270527
1.7680501887105506
0.707269993539948
0.800676526307404
0.9234148085279907
1.0515646423622838
1.1814309167645318
1.3125371902746537
1.443655727970726
1.565344344662809
1.6816464267137567
1.7814556834047504
1.8644554732712564
1.9520778828768364
2.0509746689159964
2.167432573200721
2.268821604850079
2.368226029207747
2.4546450715792436
2.530602290062407
2.600736145567454
2.6540357741504135
1.7514539441790486
0.7307998976739001
0.8133311741854615
0.9181646619822453
1.0446570333036995
1.1706200914967957
1.2950382148744835
1.412089284382822
1.536477275025981
1.6531152995607776
1.7495932707930053
1.8330391996657733
1.9245252021355939
2.032035379361671
2.151095153047952
2.2537676875411647
2.354777452112797
2.437035537632087
2.50895726004939
2.5785902786522046
2.6313695301031625
1.903659645587601
1.1410309658624749
1.18103019843279
1.2378895296930408
1.308617805553768
1.4059281378062414
1.4903554869286684
1.5823203759295137
1.6812723595670152
1.775766793931601
1.8574446594815184
1.936583694904609
2.0122462525867073
2.1070015901513997
2.215785137307807
2.3161619086225316
2.4242923437491597
2.502685710019817
2.5754522723380315
2.636851030787075
2.6844766580982373
1.7737273116199088
0.7193821293192423
0.8076934321113887
0.9261284239171925
1.0522561316693004
1.1720049488488353
1.298174584841937
1.426780492453523
1.5539580926024263
1.6747575190093642
1.7721822031105008
1.863542869872459
1.9534927065651229
2.065843098655424
2.1893295314294394
2.2902140999583254
2.390799110622037
2.4742142962289364
2.549130666853236
2.6194119084716676
2.675249985857817
1.8382016946579651
1.0001248358530437
1.0381805133524666
1.1052361971593416
1.1968031091652627
1.2917451855472613
1.3746979438320421
1.4932109041407884
1.6074043917642724
1.6931138818042546
1.7845131114193638
1.8657630397999037
1.9550908259957467
2.0646969033908276
2.184934202651919
2.2897897973639916
2.3978721671195893
2.4896911288390395
2.569885528453004
2.6482322792551782
2.7130479462520016
1.7524010185914278
0.7626129135207164
0.8402605684385794
0.9470871421546477
1.0611843514403878
1.177558821378643
1.2869303815127169
1.4048405878534902
1.5291542926123518
1.6433859824981383
1.7371091828894856
1.8198254080037237
1.9063316653812667
2.0130112240547446
2.1349991023023978
2.2449414907635092
2.3482067058790794
2.4362140707204625
2.5114756598578736
2.5920708416348126
2.6508199789315334
1.8533553365243125
0.98058227576626
1.080424030715194
1.1573368073585093
1.2343282372349653
1.3109117030159327
1.4214484022740588
1.5402753668652496
1.6493916760757357
1.7416129172281885
1.825520750487787
1.8966251787260042
1.9833726532237894
2.086140185253281
2.202849306390602
2.2944237685215074
2.3859581638439007
2.4659997152688646
2.5383505948416785
2.60753516778995
2.6640198296047948
2.029802607670947
1.3110111704298189
1.3076492819321872
1.3709428673970085
1.4346172382412092
1.5011209458044565
1.5792996722599695
1.6848904988222682
1.8124845092798103
1.9280672939173389
2.0256833365225635
2.084933369234811
2.1533788292278917
2.240622266080422
2.3387205586701545
2.4295581734665412
2.526001177208794
2.6042810653699635
2.6805257227787034
2.7616424469668863
2.8206217298081397
1.8607541684559983
0.9301992991555483
0.9963023087609892
1.083206514847065
1.1794764223433205
1.2901155325217941
1.4035759868278654
1.5174253729915652
1.6375558240678867
1.7452850097124633
1.835716314619741
1.9211822861769936
2.0031477810134444
2.1062602930184924
2.2271816239612265
2.3339950945496297
2.4389485184602977
2.5260709477836856
2.605914546998685
2.685494708932217
2.748028982377059
1.7690997169905707
0.7749823381601236
0.8419255699197697
0.9401899238813889
1.0584973628467504
1.181332602677404
1.3044404712780544
1.4298055176619344
1.5549175962542248
1.6713681412538761
1.7674746026670427
1.8480957725559737
1.9311961336940398
2.036362092632981
2.1564467601319652
2.2618458706121376
2.3638522085671374
2.4489839535912292
2.529377646783479
2.609762233938294
2.6711375407036115
1.8489784806328342
0.8427930520618202
0.9352490012042327
1.049124320828858
1.1642973301434403
1.2860275526899785
1.4011248165882153
1.521578942735889
1.6417053426243098
1.7554309749774017
1.8513637108013523
1.9320986843085395
2.0156982843527245
2.119322583243271
2.2329608952413023
2.329960962092305
2.42927272158924
2.513913818059942
2.5876842113329253
2.6565544469632223
2.7134079608177113
1.8506759431875106
0.8440319186548854
0.9442895846770798
1.0593568492952494
1.1570826851423268
1.263806629953178
1.3631938666787626
1.483761359570082
1.6092765379403295
1.7348282532964285
1.8459153376862927
1.9449269829200135
2.0366567299642986
2.1480406990582273
2.2669766879486177
2.3544031187640986
2.446460093594542
2.519507647440669
2.5945948081827543
2.667726748750702
2.728682324231678
1.926896389650451
1.148195996646674
1.181886225411698
1.2402332921437764
1.3205380709780594
1.3998991360159
1.496629444152958
1.5933638348334815
1.7053227235638897
1.8067316878194275
1.8922850980712076
1.9643694310842865
2.0433120992473905
2.143270293911959
2.2591591953413044
2.3580893278687545
2.4540186567321176
2.5306376801974104
2.6022081986737127
2.671579907654833
2.726197492660179
1.7573355902873136
0.6753279923986172
0.7749602621855249
0.8891278168349241
1.0102337884886492
1.1384668849556905
1.2622832404831021
1.3922763314608753
1.5284236777889908
1.6537767444507585
1.75251491914953
1.8420120339751551
1.9339609876713644
2.048630486504521
2.1733602550937627
2.2791057896099796
2.3860771964420153
2.4755699111049947
2.5604613805095244
2.6525631458604484
2.7175789607778422
1.7638387540809854
0.6988563201027926
0.7832495422681108
0.8972667061856595
1.0244497747165577
1.1579933996858225
1.2894136949750232
1.4203246612036577
1.555014399030873
1.6785026000327257
1.7786943191005673
1.8626022811248275
1.9501748786679847
2.0583467561412263
2.177027504764701
2.279907986552724
2.380841619275232
2.4629967906590995
2.538829972668861
2.6126814838239873
2.669600390639284
1.869674360906982
0.9869870511684314
1.078380070833866
1.1589556250056692
1.24817874712269
1.3337588109894922
1.4258434359196757
1.5034984370410882
1.6298982504031923
1.7500765271344751
1.8429877538674229
1.9270601593832986
2.0050985081937482
2.1059319468583184
2.2171626059664216
2.3142923438586815
2.4168842392849497
2.49659732848895
2.57602845826455
2.656266359124999
2.719600559229724
1.9829878647534553
1.2264784563115052
1.2565237986250135
1.3130059602002335
1.386299417412023
1.4782729340539478
1.5748984949007585
1.673428438935715
1.7774775951063526
1.8711944498827318
1.9455850620697157
2.0103507116963377
2.0843656968597033
2.1837949796765943
2.2963140521496532
2.3926292104490803
2.484692870630309
2.567238617441488
2.644058447093979
2.7166126044162398
2.776535497157718
1.7887276593973056
0.8394970831760326
0.9088717477753341
1.0012642853313423
1.1083357934793572
1.2258535157733066
1.3379384050154963
1.4552411621115886
1.5707609887683194
1.683120993111311
1.775900643897211
1.8555791128779564
1.938979466381479
2.0458470689687616
2.162372372796025
2.2620084170077215
2.3647740315762147
2.4506022613657805
2.5260662157665053
2.6008825344587625
2.6606570883076
1.912433984374827
1.0949062414583939
1.1410634948974807
1.2177256361710274
1.2851617241594473
1.3684211229601464
1.4531737830677702
1.5751109835791495
1.6877595299250427
1.788836511211035
1.8799289462251887
1.95504383299593
2.0344378054688512
2.142113546327602
2.2577925593758987
2.3678946352963828
2.4606488575352743
2.5381995673433884
2.604385819755612
2.6703606666158315
2.7257144231270916
1.9146124715743458
1.0425299186256205
1.1129794090389284
1.1938859854321364
1.288549428574401
1.3885432761316276
1.4843873411369863
1.5886824758766194
1.7027205693534142
1.8055598750848862
1.8870679906884724
1.963374491498644
2.0424714338801677
2.1420636603360017
2.2560577997716518
2.353503447181558
2.4528730487654404
2.5361274205313507
2.610718164237563
2.690089477283839
2.7500642180576076
1.7194142437347746
0.7010315005109719
0.7897240715537163
0.89193015413351
1.0108085182316373
1.1337403575423965
1.2455326988880637
1.3658267773324957
1.495308496036836
1.6161216584370106
1.7105544223110247
1.7951306256538335
1.8830202151946733
1.9935918105899433
2.1136813818571083
2.2176548064524475
2.32223224692787
2.4103941137184526
2.4905015666016412
2.570033500237969
2.631465952483893
2.0237059764559255
1.4183228893746864
1.4385623158860787
1.4745229471612418
1.5177911992870077
1.5702484911765167
1.628957196207059
1.6975799076258993
1.7902738594232983
1.8785670237637833
1.9504272131477631
2.0168442514728664
2.0877499791194425
2.1816273673718527
2.2890810151735534
2.380057617663892
2.47412292768228
2.5570379835016284
2.6329311490165153
2.7134942870268386
2.7759199080363057
1.7687996488293518
0.7374004685376744
0.8258324197597812
0.9393368710955293
1.052746000186651
1.173117157307984
1.2918016071230436
1.4130272701294708
1.5433624367601952
1.6630967806074097
1.7619420388283578
1.8475698436875099
1.9373606131837091
2.045741701697967
2.1663816729377796
2.2727002402080334
2.375084607662129
2.4641354752233537
2.5453887467565495
2.6292655264440756
2.690701498449825
1.9547800823389792
1.1834391906524395
1.235635964194481
1.304358721098802
1.3632934595214152
1.4345476974994846
1.5348743819465407
1.642124743643216
1.757374606690255
1.8353058254736774
1.8975946710110267
1.9769529264245367
2.0577187672117847
2.1623622925266512
2.279043656699124
2.3821236085481083
2.47560364249128
2.5506799310183923
2.61468641212247
2.6774817111806954
2.730399436825201
1.7626218543994276
0.7084571514473176
0.8173381990919985
0.9375931745647256
1.0644538295987473
1.1612736820099074
1.277737034817017
1.405141715389703
1.5400455212897777
1.6643066979349301
1.7612948952988776
1.8487331661798605
1.9421410209503704
2.0441837425645786
2.1651574375840603
2.269871257913378
2.3696630926025084
2.452905848334075
2.5326124198279816
2.6141796900298346
2.6753475105589044
2.3605832535463733
1.676211440649837
1.7331397538738955
1.7967947256068435
1.885128173542942
1.9487526839178289
2.0195685087012767
2.0957015486513155
2.174941177009338
2.251244832666633
2.316008691627992
2.3836733031449953
2.4609171813567423
2.5354730340429645
2.61903867720573
2.6987554049147193
2.78351389667035
2.8579676165174916
2.922839008108704
2.9973344585262263
3.0546609541916494
3.443372388996946
2.827927824545844
2.866591345538019
2.9132674389001956
2.9647488291848636
3.0408030191538717
3.133768753977179
3.2153781219771096
3.282174028992393
3.3588608078236923
3.4211206449416585
3.475336349730144
3.5391648674143816
3.6149963756593393
3.695815824646591
3.7723227036086757
3.8512996604690524
3.901975347889052
3.955213079051403
3.998723315109175
4.0379594413262785
1.800041750047447
0.7903084312937713
0.8708952631937958
0.9658007276474654
1.0829719964553068
1.2041922077067966
1.323002783953832
1.4490954671213427
1.5802357251047694
1.699065164093765
1.7989537537127356
1.8890603914584334
1.9736726714587935
2.079301241422493
2.1982852414073237
2.302010267602056
2.403910643511696
2.4870139758061414
2.5625678046374762
2.640982691521514
2.6995085518394317
1.8326480621735617
0.8568885751365146
0.9322088150768177
1.0455006975347356
1.1572148447179076
1.2722059958831193
1.369959593211077
1.4937011016867603
1.629371707013063
1.7441532031349982
1.8348271971712935
1.9060982248858114
1.9902466483767198
2.0958194998642177
2.213194027560703
2.31095359154204
2.4084852062477116
2.489676445554496
2.5622065888014207
2.6405297982450917
2.6997194818267323
1.8410194922968468
0.8923171321534528
0.9481091845573738
1.041404890758663
1.1530532923213621
1.2751278477339567
1.402303328338455
1.5207899845952717
1.641391441541195
1.7542800109899872
1.8462373143642883
1.917926773095226
1.9987009296007663
2.1000518550188465
2.222934617780095
2.319514886795985
2.4186079516498915
2.497577187277034
2.5637757460488304
2.6270926379146364
2.6791928334016246
1.859062310792965
1.0513777077700455
1.0958092917287476
1.1605374728784037
1.2436086304218779
1.3302106067229964
1.424094186791375
1.5195954777816156
1.6294305384598426
1.736912224195583
1.8197048001006377
1.908567974396837
1.980946341613172
2.086422855200456
2.1976287595370296
2.29299525269962
2.390317004269978
2.471509307055606
2.544787373685304
2.6174995997438875
2.6792908108062803
1.7541059797072354
0.7687415194109807
0.8374064076266796
0.9373754936489144
1.0504810505257876
1.1675821956492216
1.285493564263622
1.405860453134482
1.5317486419127424
1.6487855587795088
1.7464261581440335
1.827557900405493
1.9134346939986864
2.022270847678653
2.1455352806887023
2.251326869979327
2.3556501663755003
2.4413926971207953
2.513959095532928
2.5861196390416095
2.644971360227038
1.9833705390598773
1.3619153290114492
1.3693427696836822
1.4081500462528616
1.44502985124911
1.4828634370281228
1.5558442051869694
1.632097969975882
1.7278489957256107
1.8183358167517576
1.9011456715373816
1.9899094660447825
2.056155457818217
2.1554132585555217
2.265407087976093
2.3635193100119407
2.4655376569179643
2.550499698150788
2.629200748095923
2.7119341487526625
2.777259856470824
1.8342960829056376
0.897886971102445
0.9711221428185136
1.0706017597407969
1.1768344735649396
1.281816355868432
1.3855289851616257
1.4938064104241975
1.609721737338373
1.722498512679594
1.8156729907614217
1.8944784790272426
1.9782543732289573
2.0835508948172246
2.198547153747439
2.298150580982202
2.401983108225199
2.4906181938219603
2.566862687206474
2.6429445019804936
2.7050413456152267
1.8337256727487425
0.9662954051209154
1.0316772572300192
1.1151374031918246
1.2033495178042248
1.2972771663245006
1.3926189303111733
1.493626404059874
1.6078684383979882
1.7152735302295838
1.8050621123736894
1.8834685945180756
1.9655856228746513
2.0688401007373827
2.183963796128597
2.282231239036051
2.382701612135535
2.4660210122488557
2.538020518019227
2.6083862205569743
2.667108573675707
1.8503008718937188
0.9737386819419981
1.0232418916192638
1.0950909347426676
1.1919077385621841
1.2944580292914243
1.3979813071396983
1.5144828290944368
1.6328274784235681
1.7491051526401473
1.8393371279033524
1.912973374109202
1.9910285724093055
2.0938298342741994
2.210362892589482
2.3087430126398076
2.4067499679475466
2.4883574900823637
2.5603160604785185
2.6320294100282977
2.6894556519569144
1.8734503199615233
1.0523312101372744
1.1141774115679426
1.1993295390914016
1.27850607446353
1.3663941871386498
1.4619455267489245
1.5656661579484437
1.6654655618649494
1.7556328166459925
1.8356496584624424
1.9062194512446893
1.986848029694855
2.089888238214517
2.201643649671292
2.2974213569128543
2.394719848992098
2.476015559058714
2.544494015424255
2.609822971984643
2.6668351339630028
1.846074401438311
0.8719865477928574
0.9561048756234907
1.0516155501408897
1.1588801287269586
1.2777863164383305
1.3968453320792769
1.5185831488469774
1.6430014873700907
1.753393859794631
1.8460479941816317
1.9266167220249164
2.0120431237893657
2.116545939602766
2.2302086907761893
2.3273125521802864
2.424750377330866
2.502424232090989
2.571244064749604
2.6404900174506922
2.6956070677754127
1.7286139890523404
0.6788005002626617
0.7643938771517419
0.8830367112428547
1.0047786123871651
1.137127753358597
1.2628007555291767
1.39079169571423
1.5191964989681133
1.6354698689992104
1.7342348774452583
1.8156645903735393
1.9022642499031912
2.0078574671340887
2.128476936045937
2.232467992655376
2.3368572695320893
2.423608472185907
2.5010753983995833
2.5764012244307537
2.6369750293273366
1.8091478460231443
0.8670353454342736
0.9301810895723068
1.0157519682505392
1.1152509043334748
1.2227413577238344
1.3323766055432913
1.4474636441436397
1.5655427771121766
1.687705067464799
1.7886905968206237
1.8653444394933547
1.9532840583085023
2.059665908880282
2.1789990651286018
2.2994864408294657
2.4039273823842233
2.492753531086078
2.577215139791292
2.6599157170175225
2.7196258811446024
1.8159635961233025
0.8050939982147243
0.9015083566060924
1.019948870415904
1.1325816907126542
1.2517637047501438
1.358247444527208
1.46562856454024
1.591675050309481
1.707312744628655
1.8135606695964877
1.902327592653967
1.9859421609203838
2.086653005061538
2.206236381908473
2.305743177653741
2.4113069990330853
2.489047121691301
2.5605309355899
2.6322707477978264
2.691892705854246
1.8847402156997475
1.131090513522754
1.1673642928519425
1.240695293712505
1.3046216512763285
1.382805431186764
1.4742321955733328
1.5496391542137646
1.6603803751983879
1.7501989767743116
1.8278544151702125
1.8979605056875966
1.9742732744979874
2.0765784487395287
2.196543005387756
2.2987158816000957
2.400350020268159
2.4834705620493525
2.5562924562479723
2.6315601154935075
2.6901777445426975
2.0894121742738103
1.4139895914641494
1.4516866084527522
1.504852417864919
1.564458080463636
1.6356061189335453
1.7141178199236307
1.7943599595705144
1.8975849819674075
1.9856153094415545
2.059385395554995
2.1166765925518924
2.1840083329264677
2.2694950523159627
2.3645334078481133
2.4452256102520615
2.5319585024552116
2.606979392355771
2.6798114523078214
2.755291639449337
2.8126072193764604
1.773701030753898
0.86601625728894
0.9187620633746488
0.9956349940837682
1.0957619605028237
1.2099646684091612
1.3170098233132934
1.4297732115639987
1.5486265136173891
1.660050662596653
1.7535235435800116
1.8308727398734126
1.9138467511567818
2.018814381293012
2.1368895571295434
2.240484234211394
2.3459754756093094
2.434788934956548
2.5134160736246596
2.590736660685244
2.6530721082073696
1.815756981089449
0.8571700057969638
0.9130214090989718
1.0083381017785051
1.1184603270258873
1.2352308897753381
1.3503916329915426
1.4710215732267693
1.5904505267392501
1.7068672106134148
1.8044935111931364
1.8893050122724107
1.97552879229111
2.0815281635718494
2.200308748369098
2.304177756591241
2.407045550328048
2.4917055546398794
2.567345954095603
2.6418760567605672
2.7008728446293935
1.8043298596061668
0.8155115901345533
0.8928827514303442
0.9959154693391677
1.1109547461911526
1.2270880980736318
1.3384690829540944
1.4591728212190938
1.5883993928270486
1.705068055477735
1.7976129050339489
1.8769483965240787
1.9690963483118697
2.071962546453586
2.188513994597545
2.2915622898459573
2.3944259413498563
2.478630787725429
2.5550397593436305
2.633693790671085
2.6956484246195225
1.8296321445429349
1.064847084970617
1.0922875064659838
1.1333024145111614
1.20283840356332
1.3066351818645534
1.4045713034898195
1.5015663065400937
1.6050838893213202
1.689642866615464
1.7768795798027774
1.8535777126431747
1.932464833888957
2.0367154805200647
2.14923372968937
2.248652991808737
2.3559663248244194
2.444240414232578
2.5242347410414876
2.603473498829229
2.666428626235572
1.8479316932461138
0.9569203523880117
1.0044302035414512
1.0842606327589102
1.1808516909982836
1.297139444585723
1.4062142694506994
1.5223703312404726
1.6377067705060957
1.7485029863122037
1.8407183995117065
1.9158231085573247
1.9951904535078195
2.0947617761869743
2.209791686253741
2.3073987270062144
2.405724968883607
2.4862548045975776
2.556774040392061
2.625558043282063
2.6822411749613346
1.8224825872953385
0.8980375120857709
0.9699562683376836
1.0641133824322755
1.1648631730842718
1.2671416528008534
1.383805588912709
1.4884642532414492
1.6055230883598313
1.7003209132024113
1.7901657595511353
1.8801486123699676
1.9611550060019884
2.0681954051179448
2.186922077466654
2.2783212826331023
2.3868753503733218
2.4773717885918587
2.5525492696831167
2.630512127061869
2.695209234598557
1.9997464613944413
1.2365078939402954
1.2859189319087925
1.3522331179808307
1.4248016022516656
1.5076773119869549
1.589389170025332
1.6824874713706408
1.7882013196599105
1.8856504617873826
1.9690686421820762
2.0426445445285215
2.1109133693187823
2.2015971031237282
2.3104902080208936
2.4018943582759826
2.493664051202993
2.5726848598410426
2.6469786514141758
2.7183798725425636
2.773746286526263
1.7101183488725855
0.5549637191633773
0.6749162070710335
0.8178378163270275
0.9595154005372533
1.1000581917622065
1.2335859448616517
1.3653303934340595
1.498958309818735
1.622873764470235
1.7263229385001884
1.81416191561045
1.9035570670973683
2.01642549314812
2.140958415999239
2.245568195087414
2.347530556914674
2.4331569020452704
2.5120027210282965
2.587859746717088
2.6467832778580282
1.8342882229393962
0.8755330590631121
0.9247792893215587
1.0296752952750843
1.1344659628845313
1.2406112283665023
1.3529869347598058
1.468808546631199
1.6001253314691366
1.718347545451719
1.815260653239183
1.903351413420636
1.9951055442187737
2.1092114540513967
2.225972164194844
2.326994505283131
2.429021612965212
2.515652693450867
2.596937339403513
2.6792021858347477
2.7437216995029616
1.7929317481252631
0.8770396790049619
0.9382167609626647
1.0231348986086533
1.1199628474497219
1.2287630796077387
1.3363716172663416
1.4524016011325944
1.5672287882114924
1.6807145979502964
1.7745605858892335
1.8543519852984303
1.9375882594010163
2.0420237638064527
2.1618778815822206
2.2660263959832614
2.3695123263120736
2.4565458504407904
2.529323477490115
2.595286807538403
2.647703758568806
1.8284146997801478
0.9100622353428799
0.9756252692504196
1.0695719653213522
1.174074378917368
1.2789978342916255
1.3849532954941801
1.4973756673786058
1.614896852630757
1.7253110973733834
1.8139983710960628
1.891622586766302
1.9726104471885855
2.0751060104810786
2.190130311677583
2.2894864110350737
2.3952869156833843
2.4795469077655925
2.5495507379286138
2.6129951077441476
2.667091592235962
1.8189245116180612
0.9008393685091304
0.9523285466689885
1.035935406222304
1.128555921079747
1.2383880976684563
1.3504243966615006
1.472009555470804
1.5906071383038785
1.707895976412551
1.8057233726645834
1.9002680322192254
1.980788635685651
2.0843582135834953
2.199448458745962
2.2986728500070033
2.3989713634057086
2.480311234496955
2.5526465218793186
2.6232113489974287
2.677105793678534
1.7923759548166918
0.8456430262400546
0.9219996172294523
1.008258570266013
1.1035371499924995
1.226961643061331
1.3468903130042507
1.4650189261166269
1.5937195835652462
1.7046568970691605
1.792810768190203
1.861754738423771
1.9435402155661503
2.0459002953643743
2.1610590468108954
2.2604409579648386
2.360448040845223
2.4442685990741846
2.5185541921119072
2.5913699060485804
2.6506866093890746
1.9348138009310432
1.0854210955710606
1.1466305385104416
1.2275315570577707
1.3055831057153247
1.3944937429743571
1.481022569085917
1.5877320404135469
1.7070516957315423
1.8118230135581126
1.9009231072526
1.980656053842948
2.0665707091573595
2.167576418968392
2.287765768289079
2.381112026014959
2.4868898849916006
2.563111843197632
2.6356330898443097
2.707290891356037
2.771456867087867
1.7733110703111232
0.7965371282977842
0.8620993134958568
0.961752179814763
1.0782469107123664
1.199874793410089
1.3145637605619598
1.434668604103898
1.556253971998695
1.6674775259117534
1.7636869493171599
1.8430878700903173
1.9280367928847368
2.0377953367724184
2.160607088909859
2.262757788803078
2.367568676697571
2.4522260398050033
2.5255073632891127
2.5971780460087532
2.656295265337294
1.8713429225156797
1.0280793791740122
1.0850365416191763
1.1705251923157047
1.2574478001788987
1.3545582984684719
1.4492240444268945
1.5528947225213026
1.664712864086428
1.7676778009039809
1.8531001034395245
1.9227182826477587
1.9936269071325048
2.091192716029991
2.2036960250734685
2.297591552204656
2.3947509763359314
2.4791449126505816
2.55174499623488
2.624934528451105
2.684200806418327
1.880046580766513
1.0100438928976478
1.0736209963911718
1.160972348348792
1.254989606749245
1.3530373019076791
1.4489262029013703
1.5455509812991106
1.6523394559844231
1.757227744863412
1.8466312506120997
1.923651041102269
2.006918878056816
2.1114234752446177
2.2267461319569195
2.322974574527278
2.4265745323099153
2.5116366399797387
2.586864246431635
2.6614286217454137
2.719373692020705
1.8198168468463027
0.8794237085065498
0.9498954728378576
1.0363916490195981
1.1393461348648484
1.2519708548050374
1.3564502571886206
1.4637484884544385
1.5953866571916164
1.712746447132223
1.8096195535069985
1.893786511291799
1.9779603422920506
2.089427106049882
2.1984331035900424
2.294713955502906
2.392814654176827
2.47449818698947
2.5523857794445215
2.6333953745087286
2.6939426995720432
1.701761592015961
0.5890000399444995
0.6989422173260652
0.8338345636000559
0.9732667786812065
1.1056322871250022
1.2355854104394577
1.3600423069267766
1.4917818225747477
1.6148190264734597
1.7158607844588678
1.8007068650582836
1.8911573265591533
2.0019921143228143
2.1241193829089244
2.225295336164543
2.3262027758131922
2.4080262268447874
2.480439179942535
2.5505870126722185
2.60794038248263
1.7821942123274668
0.8212029601639794
0.8879661659870733
0.983137227720743
1.090482257541602
1.208197339397747
1.3233497718246883
1.4386914472399857
1.5633058710949985
1.6742580556954918
1.7698053709561865
1.8515152963312878
1.9368768728866201
2.0420384364494404
2.161950138301823
2.265260393314389
2.3711508640600067
2.458067718825089
2.532964000802203
2.6029721547981253
2.6606919031578515
1.8710606218461598
1.0153466517389478
1.0605802577323222
1.1313880962175846
1.2292812315038095
1.3349891121679394
1.4360830328631615
1.545281980041339
1.655227592880505
1.7638574670367482
1.8542295828323494
1.9285605318479233
2.0066151663687726
2.1094003034569897
2.220131241452281
2.3141451959220123
2.4113067035217486
2.491546668290553
2.5659293335753013
2.6423278975961395
2.7049843898767643
1.7690176811118405
0.8120761512977925
0.8782925995374545
0.9999107351347333
1.0968064433150635
1.2192711566328744
1.321409037048808
1.441192519599311
1.5601540940666951
1.6668073454739967
1.7561740446471823
1.8358550810807455
1.9217381396864586
2.0253899306848293
2.14230318971249
2.2422677346768154
2.3425110446438406
2.4273489742536296
2.4992127328488274
2.567506449587709
2.6241262183075498
1.9234219854539294
1.2358454606916003
1.2539319260748587
1.2707093818129211
1.3390828878502052
1.420145529705092
1.5193738055043482
1.6184003125409567
1.7222651094144517
1.806747846928494
1.8864083513787848
1.948218095576979
2.0136804447488776
2.104344389080064
2.2184663145800045
2.3193804977738424
2.414669367763209
2.492899243923525
2.564231373977477
2.632689119071348
2.6869502506815457
2.0274211331557725
1.3423935541717837
1.3730313131460774
1.4162133693511287
1.4836736908783394
1.5616753662492169
1.6380175352797868
1.7347118783990283
1.83869104622932
1.9319096191535257
2.000530495069659
2.0648911070956903
2.1337878199974196
2.219637243312542
2.3174389152007935
2.4074596134894923
2.4954844028293293
2.566662347605061
2.626659872201998
2.6726431413719007
2.722910332083356
1.8090290899288735
0.7776135978260629
0.874314134290112
0.9896226282129015
1.1140411806609383
1.2378268872861242
1.3484897628562775
1.4824357719682586
1.6037772925567222
1.717620529213943
1.814417280012569
1.8907491064134034
1.9821848569020055
2.0884771320693756
2.2086690613095628
2.3050529935477906
2.4005777445687237
2.4797847863237856
2.5544881937311206
2.627510462552617
2.6829283962751833
1.8371293485628353
0.9493618852956734
1.0194385455216637
1.1057262648777153
1.200565758440422
1.3020305964489691
1.4045897491091053
1.5131114139077708
1.6302803028196124
1.7335966876677187
1.8201727789635251
1.8943577069409183
1.9715005521318056
2.0730115495865937
2.1864648270218296
2.2811370112525045
2.3778257753442102
2.461734536963188
2.537103205888048
2.60995098775306
2.6706268353223703
1.7731962650473236
0.8486653789289186
0.9226232026191696
1.0097122216727221
1.1004633450013022
1.1949635599993524
1.2917148052592442
1.4143236722328383
1.556385207470983
1.6694015499829429
1.7551000203993248
1.8328653770348131
1.9170757133579894
2.0281495802705156
2.148554146551678
2.2455434520610074
2.348426827310798
2.435456925702119
2.512127261375881
2.584950089625743
2.647422964089133
1.9876069204882234
0.8561272298129757
0.9516145855945425
1.090192757208088
1.2182488659833859
1.3591169375723644
1.4839146032120156
1.6211652542304869
1.7562452711455994
1.8887293471587316
1.996772491399433
2.09947833882794
2.1932289829415854
2.2997778317229196
2.420487478739473
2.5191821297157726
2.6173358528851978
2.7193932535922953
2.8059055793914194
2.8931433288613913
2.9620782897688507
1.7852479354970126
0.8374012716316925
0.9073374395215202
0.9963808662138435
1.1019245551495018
1.233907340692657
1.3418784160192725
1.459523722745532
1.5743955106692251
1.6783976358146997
1.7718938395674995
1.8520060327917442
1.935273457147915
2.038789838177682
2.1542291290628945
2.254385548932438
2.3583077046081233
2.445383633834182
2.5211606754566436
2.590445222108033
2.6519368697951538
1.6779169215341958
0.4880066610745744
0.6194923737425754
0.7687689895003685
0.9128639338729821
1.0563667116653153
1.1893621190341437
1.3246438086068495
1.4616790754506916
1.590999648283786
1.6973517052496883
1.7867680560200814
1.880061362781648
1.9953615717963624
2.1217322500826983
2.227433133611699
2.331624119584236
2.417969705546014
2.493037547523302
2.567119029783337
2.6276966274735662
